0 3
1 1
2 5
3 5
4 3
5 1
6 3
7 0
8 3
9 5
10 2
11 4
12 2
13 1
14 2
15 3
16 2
17 4
18 4
19 0
20 1
21 5
22 5
23 3
24 5
25 2
26 5
27 2
28 4
29 2
30 2
31 2
32 4
33 5
34 2
35 3
36 4
37 5
38 3
39 3
40 2
41 1
42 2
43 1
44 5
45 1
46 1
47 4
48 2
49 3
50 3
51 2
52 5
53 2
54 5
55 1
56 4
57 1
58 4
59 2
60 2
61 3
62 4
63 5
64 5
65 1
66 3
67 3
68 4
69 2
70 4
71 1
72 1
73 5
74 0
75 2
76 0
77 3
78 5
79 2
80 4
81 1
82 1
83 4
84 4
85 0
86 4
87 4
88 5
89 3
90 5
91 5
92 4
93 5
94 3
95 1
96 4
97 4
98 3
99 1
100 3
101 0
102 1
103 1
104 1
105 3
106 0
107 0
108 0
109 0
110 0
111 0
112 0
113 0
114 0
115 0
116 0
117 0
118 0
119 0
120 3
121 1
122 2
123 2
124 2
125 2
126 0
127 2
128 0
129 0
130 4
131 3
132 1
133 4
134 3
135 3
136 3
137 2
138 1
139 5
140 1
141 2
142 4
143 2
144 2
145 1
146 2
147 2
148 3
149 1
150 1
151 1
152 2
153 2
154 2
155 3
156 5
157 2
158 1
159 4
160 0
161 2
162 2
163 3
164 3
165 2
166 3
167 5
168 5
169 2
170 3
171 4
172 3
173 4
174 3
175 5
176 4
177 3
178 4
179 3
180 2
181 2
182 4
183 3
184 2
185 5
186 3
187 3
188 5
189 3
190 5
191 5
192 3
193 2
194 4
195 3
196 3
197 2
198 0
199 3
200 2
201 0
202 3
203 4
204 0
205 4
206 2
207 1
208 1
209 1
210 1
211 1
212 4
213 2
214 5
215 4
216 1
217 3
218 1
219 3
220 2
221 1
222 5
223 3
224 2
225 5
226 4
227 5
228 4
229 2
230 5
231 2
232 5
233 3
234 4
235 2
236 5
237 1
238 2
239 1
240 1
241 3
242 2
243 2
244 5
245 3
246 2
247 0
248 1
249 5
250 3
251 0
252 5
253 5
254 5
255 3
256 2
257 0
258 2
259 4
260 3
261 3
262 0
263 2
264 3
265 4
266 5
267 2
268 3
269 1
270 1
271 1
272 4
273 3
274 5
275 3
276 0
277 3
278 3
279 3
280 3
281 1
282 1
283 4
284 4
285 4
286 3
287 1
288 3
289 2
290 3
291 5
292 1
293 4
294 4
295 2
296 2
297 1
298 2
299 2
300 4
301 4
302 2
303 2
304 4
305 5
306 3
307 2
308 5
309 3
310 3
311 2
312 1
313 3
314 2
315 1
316 4
317 4
318 1
319 4
320 1
321 2
322 2
323 5
324 5
325 5
326 0
327 3
328 1
329 1
330 5
331 5
332 4
333 4
334 0
335 1
336 3
337 3
338 5
339 4
340 2
341 0
342 4
343 3
344 5
345 3
346 2
347 2
348 1
349 5
350 2
351 2
352 5
353 3
354 5
355 1
356 3
357 3
358 1
359 4
360 0
361 2
362 3
363 2
364 1
365 2
366 2
367 1
368 5
369 2
370 1
371 4
372 5
373 2
374 5
375 0
376 4
377 2
378 5
379 4
380 5
381 1
382 3
383 4
384 5
385 4
386 3
387 5
388 2
389 0
390 3
391 4
392 4
393 4
394 2
395 2
396 2
397 4
398 1
399 0
400 3
401 3
402 3
403 1
404 1
405 4
406 2
407 3
408 1
409 1
410 5
411 4
412 4
413 3
414 2
415 1
416 5
417 2
418 1
419 4
420 3
421 0
422 3
423 2
424 1
425 4
426 2
427 0
428 2
429 4
430 4
431 3
432 5
433 2
434 2
435 2
436 2
437 0
438 1
439 2
440 4
441 4
442 4
443 2
444 2
445 1
446 2
447 5
448 3
449 5
450 0
451 2
452 4
453 2
454 3
455 4
456 1
457 3
458 3
459 3
460 2
461 1
462 4
463 3
464 2
465 4
466 3
467 3
468 2
469 4
470 0
471 0
472 0
473 5
474 5
475 4
476 4
477 1
478 4
479 2
480 3
481 0
482 5
483 3
484 4
485 4
486 1
487 4
488 3
489 4
490 1
491 3
492 2
493 2
494 4
495 2
496 3
497 5
498 3
499 2
500 5
501 1
502 1
503 1
504 4
505 5
506 1
507 1
508 5
509 1
510 3
511 5
512 3
513 1
514 1
515 5
516 4
517 1
518 1
519 4
520 2
521 2
522 3
523 1
524 3
525 0
526 4
527 2
528 2
529 2
530 3
531 4
532 2
533 1
534 1
535 1
536 3
537 1
538 5
539 5
540 4
541 4
542 4
543 2
544 3
545 4
546 5
547 4
548 2
549 2
550 4
551 2
552 4
553 0
554 5
555 4
556 5
557 2
558 1
559 2
560 5
561 3
562 4
563 4
564 4
565 3
566 4
567 4
568 3
569 2
570 3
571 3
572 1
573 4
574 1
575 3
576 3
577 2
578 5
579 4
580 2
581 1
582 4
583 1
584 4
585 2
586 2
587 4
588 1
589 1
590 2
591 1
592 3
593 3
594 1
595 2
596 3
597 5
598 3
599 3
600 3
601 1
602 5
603 3
604 1
605 4
606 1
607 2
608 3
609 2
610 4
611 3
612 5
613 5
614 1
615 4
616 2
617 2
618 5
619 2
620 3
621 5
622 2
623 5
624 4
625 3
626 0
627 1
628 3
629 3
630 2
631 2
632 5
633 2
634 4
635 0
636 3
637 4
638 4
639 0
640 2
641 4
642 4
643 5
644 1
645 1
646 1
647 4
648 1
649 4
650 1
651 1
652 4
653 0
654 4
655 5
656 5
657 3
658 3
659 3
660 1
661 1
662 2
663 3
664 3
665 3
666 5
667 3
668 1
669 5
670 4
671 3
672 0
673 1
674 5
675 3
676 4
677 2
678 4
679 0
680 2
681 2
682 3
683 5
684 2
685 5
686 2
687 5
688 3
689 5
690 5
691 2
692 1
693 2
694 4
695 1
696 3
697 5
698 4
699 3
700 1
701 0
702 5
703 0
704 2
705 2
706 5
707 4
708 5
709 2
710 5
711 5
712 0
713 3
714 5
715 1
716 3
717 1
718 1
719 2
720 1
721 4
722 5
723 0
724 2
725 1
726 5
727 0
728 5
729 4
730 1
731 5
732 5
733 2
734 1
735 2
736 4
737 1
738 4
739 1
740 4
741 3
742 4
743 5
744 2
745 4
746 5
747 1
748 2
749 3
750 1
751 4
752 4
753 3
754 5
755 2
756 3
757 3
758 0
759 3
760 3
761 3
762 4
763 4
764 3
765 5
766 5
767 1
768 1
769 0
770 2
771 4
772 2
773 2
774 4
775 2
776 3
777 5
778 5
779 1
780 4
781 3
782 4
783 4
784 5
785 3
786 3
787 0
788 1
789 0
790 4
791 3
792 5
793 1
794 2
795 4
796 1
797 5
798 4
799 2
800 5
801 0
802 4
803 1
804 1
805 0
806 3
807 2
808 4
809 4
810 5
811 4
812 4
813 3
814 2
815 0
816 2
817 0
818 1
819 4
820 0
821 1
822 4
823 1
824 1
825 4
826 1
827 2
828 1
829 4
830 5
831 2
832 5
833 5
834 3
835 2
836 1
837 1
838 2
839 2
840 3
841 3
842 1
843 5
844 5
845 3
846 5
847 2
848 0
849 1
850 2
851 2
852 1
853 4
854 4
855 3
856 4
857 2
858 2
859 4
860 4
861 3
862 3
863 0
864 3
865 4
866 3
867 1
868 1
869 3
870 5
871 3
872 2
873 5
874 3
875 2
876 3
877 3
878 2
879 4
880 2
881 3
882 4
883 5
884 5
885 3
886 2
887 2
888 0
889 3
890 0
891 3
892 0
893 4
894 2
895 2
896 1
897 2
898 5
899 3
900 4
901 3
902 1
903 5
904 3
905 2
906 5
907 2
908 2
909 2
910 3
911 4
912 2
913 3
914 0
915 4
916 2
917 2
918 1
919 1
920 4
921 4
922 4
923 4
924 4
925 1
926 0
927 4
928 4
929 2
930 2
931 2
932 4
933 5
934 0
935 3
936 2
937 2
938 5
939 1
940 3
941 2
942 5
943 5
944 4
945 1
946 1
947 4
948 2
949 5
950 3
951 0
952 5
953 2
954 5
955 3
956 1
957 4
958 5
959 4
960 1
961 3
962 2
963 2
964 3
965 2
966 2
967 2
968 2
969 4
970 4
971 1
972 2
973 3
974 4
975 1
976 3
977 5
978 2
979 1
980 1
981 2
982 2
983 3
984 1
985 2
986 3
987 2
988 1
989 4
990 0
991 4
992 2
993 2
994 2
995 1
996 2
997 1
998 1
999 3
1000 4
1001 3
1002 4
1003 1
1004 4
1005 2
1006 2
1007 1
1008 2
1009 2
1010 2
1011 1
1012 2
1013 2
1014 4
1015 2
1016 1
1017 3
1018 4
1019 1
1020 4
1021 1
1022 1
1023 1
1024 2
1025 3
1026 4
1027 4
1028 0
1029 0
1030 3
1031 0
1032 4
1033 4
1034 2
1035 1
1036 3
1037 5
1038 3
1039 4
1040 2
1041 2
1042 3
1043 1
1044 3
1045 4
1046 4
1047 1
1048 5
1049 4
1050 2
1051 1
1052 4
1053 5
1054 2
1055 5
1056 1
1057 2
1058 3
1059 1
1060 0
1061 1
1062 3
1063 5
1064 2
1065 1
1066 3
1067 1
1068 4
1069 0
1070 3
1071 2
1072 4
1073 5
1074 5
1075 3
1076 5
1077 4
1078 3
1079 3
1080 1
1081 3
1082 4
1083 5
1084 5
1085 4
1086 3
1087 4
1088 3
1089 3
1090 4
1091 3
1092 1
1093 1
1094 4
1095 5
1096 2
1097 1
1098 4
1099 3
1100 3
1101 5
1102 4
1103 4
1104 1
1105 1
1106 3
1107 4
1108 3
1109 3
1110 4
1111 5
1112 2
1113 4
1114 3
1115 1
1116 4
1117 2
1118 2
1119 3
1120 3
1121 1
1122 2
1123 5
1124 1
1125 5
1126 2
1127 0
1128 2
1129 4
1130 2
1131 1
1132 4
1133 3
1134 5
1135 4
1136 2
1137 5
1138 5
1139 5
1140 1
1141 5
1142 0
1143 5
1144 1
1145 1
1146 1
1147 4
1148 0
1149 3
1150 2
1151 5
1152 1
1153 1
1154 1
1155 3
1156 1
1157 2
1158 3
1159 5
1160 1
1161 2
1162 4
1163 1
1164 4
1165 3
1166 4
1167 1
1168 5
1169 1
1170 4
1171 3
1172 5
1173 3
1174 3
1175 3
1176 2
1177 1
1178 3
1179 3
1180 3
1181 2
1182 1
1183 0
1184 5
1185 1
1186 5
1187 3
1188 1
1189 2
1190 2
1191 5
1192 3
1193 3
1194 2
1195 2
1196 5
1197 1
1198 2
1199 5
1200 4
1201 1
1202 2
1203 3
1204 4
1205 3
1206 1
1207 1
1208 2
1209 1
1210 4
1211 3
1212 3
1213 3
1214 2
1215 5
1216 1
1217 1
1218 5
1219 2
1220 4
1221 4
1222 3
1223 1
1224 1
1225 4
1226 2
1227 5
1228 2
1229 2
1230 2
1231 4
1232 2
1233 4
1234 2
1235 5
1236 3
1237 5
1238 2
1239 4
1240 3
1241 5
1242 2
1243 3
1244 5
1245 5
1246 3
1247 4
1248 2
1249 0
1250 5
1251 1
1252 2
1253 3
1254 3
1255 1
1256 4
1257 2
1258 3
1259 3
1260 3
1261 3
1262 5
1263 3
1264 2
1265 4
1266 1
1267 3
1268 0
1269 3
1270 4
1271 4
1272 4
1273 2
1274 5
1275 1
1276 0
1277 5
1278 4
1279 0
1280 4
1281 2
1282 1
1283 4
1284 2
1285 3
1286 5
1287 5
1288 2
1289 3
1290 2
1291 0
1292 2
1293 4
1294 1
1295 0
1296 2
1297 2
1298 3
1299 2
1300 2
1301 2
1302 4
1303 4
1304 1
1305 1
1306 1
1307 4
1308 5
1309 4
1310 4
1311 4
1312 2
1313 1
1314 3
1315 4
1316 5
1317 2
1318 4
1319 3
1320 3
1321 1
1322 4
1323 4
1324 4
1325 4
1326 4
1327 1
1328 3
1329 0
1330 3
1331 3
1332 4
1333 2
1334 5
1335 4
1336 2
1337 1
1338 1
1339 0
1340 0
1341 1
1342 2
1343 2
1344 1
1345 5
1346 3
1347 1
1348 1
1349 2
1350 1
1351 2
1352 1
1353 1
1354 4
1355 3
1356 5
1357 2
1358 1
1359 3
1360 3
1361 3
1362 2
1363 5
1364 2
1365 3
1366 3
1367 1
1368 3
1369 3
1370 4
1371 0
1372 3
1373 3
1374 0
1375 3
1376 3
1377 3
1378 1
1379 3
1380 4
1381 3
1382 3
1383 5
1384 3
1385 4
1386 2
1387 4
1388 4
1389 2
1390 4
1391 0
1392 5
1393 0
1394 1
1395 3
1396 1
1397 3
1398 2
1399 2
1400 3
1401 5
1402 5
1403 3
1404 3
1405 3
1406 3
1407 3
1408 1
1409 3
1410 4
1411 5
1412 3
1413 3
1414 3
1415 4
1416 4
1417 5
1418 4
1419 4
1420 3
1421 5
1422 2
1423 4
1424 3
1425 4
1426 4
1427 2
1428 3
1429 3
1430 2
1431 5
1432 1
1433 5
1434 1
1435 4
1436 3
1437 4
1438 3
1439 2
1440 2
1441 5
1442 4
1443 2
1444 1
1445 3
1446 4
1447 5
1448 3
1449 4
1450 4
1451 1
1452 5
1453 2
1454 0
1455 4
1456 1
1457 0
1458 1
1459 3
1460 3
1461 1
1462 1
1463 1
1464 4
1465 4
1466 0
1467 0
1468 3
1469 0
1470 2
1471 3
1472 4
1473 1
1474 4
1475 4
1476 2
1477 4
1478 4
1479 3
1480 2
1481 1
1482 1
1483 2
1484 2
1485 4
1486 3
1487 5
1488 4
1489 5
1490 3
1491 5
1492 2
1493 1
1494 3
1495 3
1496 5
1497 2
1498 4
1499 2
1500 3
1501 1
1502 1
1503 2
1504 3
1505 4
1506 5
1507 5
1508 0
1509 5
1510 3
1511 2
1512 4
1513 3
1514 3
1515 4
1516 4
1517 2
1518 1
1519 3
1520 0
1521 4
1522 4
1523 3
1524 5
1525 4
1526 3
1527 1
1528 3
1529 1
1530 3
1531 4
1532 0
1533 2
1534 1
1535 2
1536 4
1537 3
1538 0
1539 1
1540 2
1541 2
1542 5
1543 5
1544 3
1545 4
1546 2
1547 1
1548 1
1549 0
1550 3
1551 0
1552 1
1553 5
1554 5
1555 3
1556 1
1557 3
1558 2
1559 1
1560 3
1561 3
1562 4
1563 3
1564 0
1565 4
1566 0
1567 2
1568 5
1569 0
1570 2
1571 4
1572 5
1573 4
1574 0
1575 1
1576 2
1577 3
1578 4
1579 3
1580 2
1581 3
1582 2
1583 1
1584 1
1585 3
1586 4
1587 1
1588 5
1589 5
1590 2
1591 1
1592 1
1593 2
1594 3
1595 4
1596 4
1597 0
1598 1
1599 2
1600 3
1601 3
1602 1
1603 3
1604 5
1605 2
1606 1
1607 2
1608 3
1609 2
1610 5
1611 5
1612 2
1613 5
1614 3
1615 4
1616 0
1617 2
1618 3
1619 3
1620 4
1621 3
1622 2
1623 1
1624 3
1625 2
1626 1
1627 1
1628 5
1629 4
1630 2
1631 5
1632 5
1633 3
1634 3
1635 2
1636 1
1637 5
1638 3
1639 1
1640 2
1641 2
1642 1
1643 2
1644 2
1645 4
1646 5
1647 2
1648 2
1649 5
1650 3
1651 1
1652 5
1653 0
1654 4
1655 1
1656 4
1657 2
1658 2
1659 3
1660 4
1661 5
1662 1
1663 2
1664 3
1665 1
1666 1
1667 5
1668 2
1669 3
1670 1
1671 3
1672 3
1673 3
1674 3
1675 5
1676 0
1677 5
1678 4
1679 4
1680 3
1681 2
1682 1
1683 4
1684 4
1685 4
1686 4
1687 5
1688 1
1689 3
1690 1
1691 4
1692 1
1693 4
1694 5
1695 1
1696 2
1697 2
1698 0
1699 3
1700 4
1701 0
1702 3
1703 2
1704 0
1705 3
1706 3
1707 3
1708 2
1709 5
1710 4
1711 0
1712 0
1713 1
1714 0
1715 5
1716 4
1717 3
1718 1
1719 1
1720 1
1721 5
1722 1
1723 1
1724 2
1725 2
1726 5
1727 4
1728 5
1729 5
1730 1
1731 2
1732 1
1733 5
1734 2
1735 4
1736 1
1737 5
1738 1
1739 5
1740 2
1741 5
1742 1
1743 3
1744 5
1745 5
1746 3
1747 1
1748 1
1749 5
1750 1
1751 2
1752 0
1753 4
1754 3
1755 3
1756 4
1757 2
1758 2
1759 1
1760 2
1761 2
1762 5
1763 2
1764 1
1765 4
1766 1
1767 2
1768 1
1769 5
1770 3
1771 4
1772 5
1773 3
1774 3
1775 1
1776 3
1777 2
1778 4
1779 5
1780 4
1781 3
1782 5
1783 5
1784 5
1785 4
1786 2
1787 3
1788 4
1789 4
1790 5
1791 4
1792 0
1793 1
1794 0
1795 0
1796 5
1797 4
1798 0
1799 3
1800 2
1801 1
1802 3
1803 2
1804 1
1805 5
1806 3
1807 2
1808 5
1809 5
1810 3
1811 2
1812 2
1813 4
1814 1
1815 5
1816 2
1817 4
1818 2
1819 3
1820 5
1821 3
1822 5
1823 3
1824 3
1825 2
1826 4
1827 3
1828 2
1829 4
1830 3
1831 2
1832 5
1833 1
1834 2
1835 0
1836 4
1837 1
1838 1
1839 3
1840 1
1841 0
1842 4
1843 1
1844 5
1845 5
1846 0
1847 5
1848 3
1849 5
1850 3
1851 4
1852 1
1853 2
1854 4
1855 5
1856 5
1857 4
1858 5
1859 2
1860 3
1861 1
1862 1
1863 5
1864 3
1865 4
1866 0
1867 3
1868 4
1869 0
1870 4
1871 1
1872 1
1873 1
1874 3
1875 1
1876 1
1877 2
1878 2
1879 2
1880 2
1881 5
1882 3
1883 2
1884 3
1885 3
1886 4
1887 3
1888 0
1889 1
1890 4
1891 0
1892 5
1893 0
1894 1
1895 2
1896 1
1897 1
1898 2
1899 3
1900 3
1901 1
1902 1
1903 5
1904 5
1905 5
1906 5
1907 4
1908 3
1909 0
1910 2
1911 0
1912 3
1913 5
1914 4
1915 3
1916 3
1917 0
1918 4
1919 4
1920 2
1921 4
1922 1
1923 2
1924 4
1925 1
1926 4
1927 2
1928 3
1929 3
1930 5
1931 5
1932 4
1933 3
1934 0
1935 2
1936 5
1937 4
1938 1
1939 4
1940 3
1941 1
1942 1
1943 2
1944 1
1945 4
1946 4
1947 3
1948 3
1949 4
1950 2
1951 1
1952 2
1953 3
1954 5
1955 1
1956 2
1957 5
1958 3
1959 0
1960 3
1961 2
1962 2
1963 1
1964 0
1965 2
1966 3
1967 0
1968 5
1969 5
1970 4
1971 3
1972 0
1973 3
1974 2
1975 3
1976 2
1977 5
1978 0
1979 1
1980 2
1981 3
1982 0
1983 5
1984 0
1985 4
1986 2
1987 3
1988 4
1989 2
1990 4
1991 1
1992 4
1993 5
1994 2
1995 2
1996 2
1997 1
1998 1
1999 4
2000 1
2001 5
2002 5
2003 2
2004 1
2005 4
2006 5
2007 3
2008 0
2009 4
2010 5
2011 2
2012 5
2013 2
2014 1
2015 3
2016 0
2017 3
2018 1
2019 3
2020 3
2021 2
2022 3
2023 2
2024 2
2025 4
2026 1
2027 5
2028 4
2029 5
2030 4
2031 5
2032 2
2033 2
2034 4
2035 1
2036 3
2037 1
2038 1
2039 1
2040 1
2041 3
2042 5
2043 5
2044 0
2045 2
2046 1
2047 2
2048 1
2049 2
2050 1
2051 2
2052 1
2053 3
2054 4
2055 4
2056 1
2057 2
2058 5
2059 4
2060 2
2061 2
2062 3
2063 2
2064 2
2065 4
2066 4
2067 5
2068 3
2069 4
2070 2
2071 5
2072 5
2073 2
2074 4
2075 1
2076 2
2077 5
2078 4
2079 3
2080 0
2081 1
2082 5
2083 0
2084 5
2085 4
2086 5
2087 3
2088 0
2089 1
2090 5
2091 2
2092 1
2093 3
2094 5
2095 5
2096 5
2097 2
2098 0
2099 3
2100 4
2101 1
2102 3
2103 3
2104 5
2105 3
2106 3
2107 1
2108 1
2109 1
2110 2
2111 0
2112 4
2113 2
2114 3
2115 2
2116 2
2117 1
2118 1
2119 3
2120 4
2121 2
2122 2
2123 3
2124 2
2125 2
2126 0
2127 5
2128 5
2129 2
2130 1
2131 1
2132 4
2133 0
2134 4
2135 1
2136 1
2137 2
2138 5
2139 2
2140 5
2141 1
2142 2
2143 5
2144 3
2145 1
2146 2
2147 2
2148 3
2149 0
2150 2
2151 2
2152 1
2153 4
2154 4
2155 5
2156 0
2157 4
2158 3
2159 3
2160 5
2161 1
2162 2
2163 4
2164 1
2165 2
2166 2
2167 4
2168 1
2169 5
2170 1
2171 5
2172 1
2173 3
2174 3
2175 1
2176 1
2177 4
2178 3
2179 4
2180 5
2181 2
2182 2
2183 2
2184 4
2185 2
2186 5
2187 1
2188 0
2189 4
2190 0
2191 5
2192 3
2193 1
2194 0
2195 5
2196 2
2197 5
2198 1
2199 2
2200 2
2201 1
2202 5
2203 4
2204 2
2205 2
2206 2
2207 4
2208 3
2209 3
2210 4
2211 2
2212 4
2213 1
2214 4
2215 4
2216 3
2217 2
2218 5
2219 3
2220 4
2221 2
2222 5
2223 5
2224 2
2225 5
2226 2
2227 1
2228 3
2229 1
2230 2
2231 5
2232 3
2233 3
2234 2
2235 2
2236 1
2237 3
2238 5
2239 2
2240 4
2241 0
2242 2
2243 5
2244 2
2245 4
2246 4
2247 2
2248 1
2249 4
2250 3
2251 4
2252 4
2253 2
2254 2
2255 4
2256 3
2257 2
2258 4
2259 4
2260 3
2261 4
2262 4
2263 0
2264 2
2265 0
2266 4
2267 5
2268 3
2269 0
2270 2
2271 1
2272 1
2273 3
2274 5
2275 4
2276 3
2277 2
2278 4
2279 2
2280 0
2281 2
2282 2
2283 0
2284 3
2285 1
2286 2
2287 0
2288 5
2289 1
2290 2
2291 3
2292 4
2293 2
2294 3
2295 4
2296 4
2297 3
2298 2
2299 2
2300 2
2301 4
2302 3
2303 2
2304 3
2305 3
2306 5
2307 2
2308 3
2309 3
2310 5
2311 2
2312 2
2313 0
2314 1
2315 3
2316 0
2317 1
2318 0
2319 3
2320 1
2321 2
2322 3
2323 4
2324 5
2325 3
2326 5
2327 5
2328 4
2329 2
2330 2
2331 1
2332 5
2333 0
2334 1
2335 3
2336 0
2337 3
2338 3
2339 3
2340 3
2341 4
2342 2
2343 3
2344 5
2345 2
2346 3
2347 3
2348 3
2349 1
2350 2
2351 3
2352 1
2353 3
2354 2
2355 2
2356 2
2357 4
2358 2
2359 2
2360 5
2361 3
2362 4
2363 0
2364 5
2365 2
2366 5
2367 5
2368 5
2369 1
2370 5
2371 4
2372 5
2373 2
2374 3
2375 4
2376 1
2377 2
2378 5
2379 5
2380 5
2381 2
2382 5
2383 4
2384 3
2385 5
2386 2
2387 2
2388 3
2389 3
2390 2
2391 2
2392 1
2393 4
2394 5
2395 3
2396 4
2397 2
2398 3
2399 5
2400 2
2401 1
2402 2
2403 2
2404 0
2405 4
2406 3
2407 0
2408 3
2409 1
2410 3
2411 5
2412 0
2413 4
2414 3
2415 5
2416 4
2417 2
2418 1
2419 5
2420 2
2421 1
2422 4
2423 4
2424 3
2425 1
2426 1
2427 3
2428 1
2429 2
2430 4
2431 5
2432 3
2433 0
2434 5
2435 2
2436 5
2437 3
2438 4
2439 1
2440 1
2441 1
2442 2
2443 1
2444 3
2445 2
2446 5
2447 0
2448 5
2449 3
2450 5
2451 2
2452 1
2453 2
2454 1
2455 2
2456 1
2457 3
2458 3
2459 1
2460 5
2461 3
2462 0
2463 2
2464 5
2465 0
2466 3
2467 3
2468 0
2469 0
2470 4
2471 2
2472 4
2473 4
2474 3
2475 3
2476 0
2477 1
2478 2
2479 3
2480 5
2481 4
2482 1
2483 3
2484 3
2485 3
2486 3
2487 5
2488 3
2489 0
2490 5
2491 3
2492 3
2493 5
2494 2
2495 3
2496 1
2497 3
2498 1
2499 4
2500 1
2501 2
2502 4
2503 3
2504 1
2505 2
2506 0
2507 5
2508 2
2509 2
2510 3
2511 1
2512 3
2513 3
2514 5
2515 4
2516 2
2517 4
2518 1
2519 3
2520 3
2521 5
2522 3
2523 1
2524 5
2525 4
2526 1
2527 2
2528 4
2529 2
2530 1
2531 1
2532 1
2533 4
2534 5
2535 4
2536 2
2537 1
2538 3
2539 4
2540 3
2541 2
2542 4
2543 4
2544 1
2545 4
2546 5
2547 4
2548 5
2549 4
2550 2
2551 1
2552 3
2553 0
2554 1
2555 5
2556 4
2557 2
2558 2
2559 3
2560 3
2561 0
2562 2
2563 3
2564 2
2565 3
2566 4
2567 3
2568 3
2569 2
2570 4
2571 1
2572 2
2573 5
2574 3
2575 2
2576 1
2577 4
2578 5
2579 1
2580 1
2581 2
2582 1
2583 1
2584 1
2585 1
2586 5
2587 2
2588 4
2589 1
2590 2
2591 3
2592 4
2593 3
2594 4
2595 3
2596 3
2597 2
2598 5
2599 0
2600 5
2601 2
2602 3
2603 3
2604 5
2605 2
2606 2
2607 1
2608 1
2609 4
2610 5
2611 2
2612 2
2613 3
2614 3
2615 5
2616 3
2617 0
2618 0
2619 4
2620 3
2621 1
2622 5
2623 4
2624 1
2625 2
2626 4
2627 1
2628 1
2629 3
2630 2
2631 4
2632 1
2633 2
2634 3
2635 4
2636 4
2637 3
2638 1
2639 1
2640 4
2641 3
2642 5
2643 2
2644 0
2645 1
2646 5
2647 1
2648 1
2649 5
2650 5
2651 5
2652 5
2653 4
2654 1
2655 2
2656 3
2657 5
2658 5
2659 1
2660 5
2661 3
2662 2
2663 3
2664 2
2665 3
2666 3
2667 4
2668 3
2669 5
2670 1
2671 1
2672 2
2673 3
2674 3
2675 4
2676 2
2677 1
2678 2
2679 3
2680 3
2681 3
2682 0
2683 2
2684 0
2685 3
2686 3
2687 3
2688 1
2689 5
2690 0
2691 1
2692 3
2693 1
2694 2
2695 5
2696 5
2697 3
2698 5
2699 4
2700 5
2701 2
2702 3
2703 5
2704 4
2705 4
2706 5
2707 4
2708 3
2709 3
2710 1
2711 5
2712 4
2713 5
2714 2
2715 3
2716 2
2717 2
2718 3
2719 5
2720 3
2721 2
2722 2
2723 3
2724 3
2725 5
2726 2
2727 1
2728 5
2729 3
2730 4
2731 2
2732 3
2733 3
2734 2
2735 4
2736 3
2737 5
2738 3
2739 1
2740 1
2741 1
2742 4
2743 3
2744 5
2745 2
2746 3
2747 3
2748 2
2749 1
2750 1
2751 3
2752 3
2753 1
2754 4
2755 3
2756 1
2757 3
2758 3
2759 3
2760 3
2761 5
2762 2
2763 2
2764 1
2765 5
2766 2
2767 4
2768 3
2769 3
2770 0
2771 1
2772 0
2773 1
2774 4
2775 0
2776 1
2777 4
2778 1
2779 4
2780 3
2781 0
2782 3
2783 3
2784 1
2785 3
2786 4
2787 5
2788 5
2789 4
2790 3
2791 1
2792 1
2793 1
2794 4
2795 3
2796 4
2797 4
2798 3
2799 1
2800 1
2801 3
2802 0
2803 1
2804 0
2805 3
2806 5
2807 5
2808 3
2809 1
2810 2
2811 5
2812 4
2813 2
2814 0
2815 1
2816 2
2817 4
2818 5
2819 3
2820 0
2821 0
2822 2
2823 5
2824 2
2825 0
2826 5
2827 1
2828 3
2829 3
2830 2
2831 1
2832 5
2833 4
2834 3
2835 1
2836 3
2837 5
2838 1
2839 4
2840 4
2841 3
2842 3
2843 5
2844 2
2845 4
2846 5
2847 1
2848 2
2849 2
2850 3
2851 5
2852 4
2853 4
2854 3
2855 5
2856 2
2857 5
2858 3
2859 3
2860 5
2861 3
2862 4
2863 3
2864 4
2865 1
2866 5
2867 4
2868 5
2869 4
2870 2
2871 4
2872 1
2873 2
2874 3
2875 2
2876 1
2877 4
2878 5
2879 1
2880 0
2881 5
2882 2
2883 4
2884 4
2885 5
2886 5
2887 3
2888 3
2889 4
2890 1
2891 5
2892 2
2893 4
2894 4
2895 1
2896 5
2897 1
2898 3
2899 1
2900 0
2901 1
2902 3
2903 4
2904 3
2905 4
2906 1
2907 3
2908 2
2909 3
2910 3
2911 5
2912 5
2913 3
2914 4
2915 4
2916 1
2917 5
2918 1
2919 1
2920 2
2921 1
2922 3
2923 0
2924 2
2925 1
2926 0
2927 4
2928 5
2929 3
2930 3
2931 3
2932 5
2933 1
2934 2
2935 3
2936 0
2937 4
2938 5
2939 4
2940 5
2941 1
2942 3
2943 0
2944 2
2945 3
2946 3
2947 4
2948 0
2949 1
2950 1
2951 3
2952 1
2953 0
2954 4
2955 4
2956 5
2957 1
2958 4
2959 0
2960 4
2961 0
2962 3
2963 4
2964 0
2965 2
2966 4
2967 4
2968 4
2969 4
2970 3
2971 0
2972 4
2973 2
2974 5
2975 5
2976 4
2977 1
2978 1
2979 0
2980 0
2981 0
2982 0
2983 2
2984 0
2985 4
2986 2
2987 5
2988 2
2989 3
2990 4
2991 1
2992 4
2993 2
2994 2
2995 4
2996 3
2997 4
2998 2
2999 5
3000 1
3001 3
3002 3
3003 5
3004 2
3005 3
3006 4
3007 4
3008 3
3009 4
3010 2
3011 2
3012 4
3013 5
3014 4
3015 5
3016 2
3017 2
3018 0
3019 1
3020 1
3021 5
3022 4
3023 0
3024 4
3025 5
3026 1
3027 4
3028 3
3029 3
3030 1
3031 3
3032 3
3033 5
3034 1
3035 1
3036 1
3037 2
3038 2
3039 2
3040 2
3041 2
3042 0
3043 0
3044 2
3045 2
3046 3
3047 3
3048 4
3049 5
3050 4
3051 3
3052 2
3053 0
3054 5
3055 3
3056 3
3057 2
3058 0
3059 3
3060 1
3061 1
3062 4
3063 0
3064 2
3065 1
3066 5
3067 4
3068 3
3069 5
3070 1
3071 1
3072 2
3073 0
3074 0
3075 1
3076 4
3077 5
3078 1
3079 5
3080 2
3081 3
3082 3
3083 4
3084 3
3085 5
3086 4
3087 4
3088 0
3089 5
3090 1
3091 3
3092 3
3093 0
3094 3
3095 2
3096 4
3097 3
3098 2
3099 2
3100 0
3101 4
3102 4
3103 4
3104 3
3105 5
3106 2
3107 3
3108 1
3109 2
3110 0
3111 3
3112 5
3113 4
3114 5
3115 5
3116 5
3117 2
3118 1
3119 1
3120 3
3121 5
3122 4
3123 1
3124 2
3125 5
3126 1
3127 1
3128 2
3129 2
3130 1
3131 2
3132 5
3133 1
3134 4
3135 5
3136 3
3137 1
3138 4
3139 3
3140 4
3141 1
3142 4
3143 0
3144 3
3145 3
3146 0
3147 3
3148 5
3149 4
3150 3
3151 1
3152 4
3153 4
3154 1
3155 1
3156 3
3157 1
3158 3
3159 1
3160 0
3161 3
3162 5
3163 5
3164 0
3165 0
3166 5
3167 2
3168 4
3169 1
3170 2
3171 3
3172 4
3173 3
3174 1
3175 5
3176 5
3177 2
3178 2
3179 5
3180 5
3181 4
3182 5
3183 4
3184 1
3185 3
3186 3
3187 3
3188 2
3189 1
3190 1
3191 4
3192 2
3193 0
3194 4
3195 1
3196 2
3197 5
3198 4
3199 3
3200 3
3201 2
3202 3
3203 1
3204 0
3205 2
3206 2
3207 3
3208 2
3209 2
3210 3
3211 2
3212 0
3213 3
3214 0
3215 2
3216 2
3217 1
3218 0
3219 5
3220 3
3221 3
3222 5
3223 4
3224 0
3225 1
3226 1
3227 2
3228 1
3229 4
3230 1
3231 1
3232 0
3233 2
3234 2
3235 3
3236 1
3237 4
3238 3
3239 5
3240 1
3241 1
3242 5
3243 1
3244 0
3245 4
3246 0
3247 4
3248 2
3249 5
3250 0
3251 3
3252 2
3253 1
3254 0
3255 5
3256 0
3257 2
3258 5
3259 3
3260 1
3261 2
3262 1
3263 5
3264 3
3265 0
3266 2
3267 5
3268 1
3269 1
3270 2
3271 1
3272 3
3273 5
3274 2
3275 3
3276 4
3277 2
3278 1
3279 3
3280 3
3281 2
3282 0
3283 4
3284 3
3285 1
3286 4
3287 2
3288 4
3289 3
3290 2
3291 5
3292 0
3293 3
3294 2
3295 1
3296 3
3297 2
3298 4
3299 3
3300 4
3301 0
3302 5
3303 4
3304 4
3305 0
3306 0
3307 2
3308 4
3309 0
3310 5
3311 2
3312 1
3313 2
3314 4
3315 2
3316 3
3317 4
3318 2
3319 1
3320 0
3321 2
3322 4
3323 4
3324 4
3325 5
3326 3
